lb in gen_LC_finance:  [0. 0. 0. 0. 0. 0. 0. 0. 0. 0. 0. 0.]
ub in gen_LC_finance:  [1. 1. 1. 1. 1. 1. 1. 1. 1. 1. 1. 1.]
<scipy.optimize._constraints.LinearConstraint object at 0x7f972c3d8b50>
params in def chemistry in vqe.py:  [0. 0. 0. 0. 0. 0. 0. 0. 0. 0. 0. 0.]
E for cur_iter:  -14.2865412448886
params in def chemistry in vqe.py:  [0.2 0.  0.  0.  0.  0.  0.  0.  0.  0.  0.  0. ]
E for cur_iter:  -14.058831857326595
params in def chemistry in vqe.py:  [0.  0.2 0.  0.  0.  0.  0.  0.  0.  0.  0.  0. ]
E for cur_iter:  -14.071075465863197
params in def chemistry in vqe.py:  [0.  0.  0.2 0.  0.  0.  0.  0.  0.  0.  0.  0. ]
E for cur_iter:  -14.057124243466669
params in def chemistry in vqe.py:  [0.  0.  0.  0.2 0.  0.  0.  0.  0.  0.  0.  0. ]
E for cur_iter:  -14.291979684649933
params in def chemistry in vqe.py:  [0.  0.  0.  0.2 0.2 0.  0.  0.  0.  0.  0.  0. ]
E for cur_iter:  -14.293172063085134
params in def chemistry in vqe.py:  [0.  0.  0.  0.2 0.2 0.2 0.  0.  0.  0.  0.  0. ]
E for cur_iter:  -14.293172063085134
params in def chemistry in vqe.py:  [0.  0.  0.  0.2 0.2 0.  0.2 0.  0.  0.  0.  0. ]
E for cur_iter:  -14.293172063085134
params in def chemistry in vqe.py:  [0.  0.  0.  0.2 0.2 0.  0.  0.2 0.  0.  0.  0. ]
E for cur_iter:  -14.293172063085134
params in def chemistry in vqe.py:  [0.  0.  0.  0.2 0.2 0.  0.  0.  0.2 0.  0.  0. ]
E for cur_iter:  -14.286519903267004
params in def chemistry in vqe.py:  [0.  0.  0.  0.2 0.2 0.  0.  0.  0.  0.2 0.  0. ]
E for cur_iter:  -14.298268591239998
params in def chemistry in vqe.py:  [0.  0.  0.  0.2 0.2 0.  0.  0.  0.  0.2 0.2 0. ]
E for cur_iter:  -14.298268591239998
params in def chemistry in vqe.py:  [0.  0.  0.  0.2 0.2 0.  0.  0.  0.  0.2 0.  0.2]
E for cur_iter:  -14.298268591239998
params in def chemistry in vqe.py:  [0.00000000e+00 2.59125498e-19 7.35309719e-19 3.44101932e-01
 2.31594362e-01 0.00000000e+00 0.00000000e+00 0.00000000e+00
 2.29882210e-20 3.35042325e-01 0.00000000e+00 0.00000000e+00]
E for cur_iter:  -14.316695723890131
params in def chemistry in vqe.py:  [ 0.00000000e+00  9.62964972e-35 -3.16491737e-19  5.37906915e-01
  2.42846356e-01  0.00000000e+00  0.00000000e+00  0.00000000e+00
 -1.11022302e-17  3.83136202e-01  0.00000000e+00  0.00000000e+00]
E for cur_iter:  -14.359462179403137
params in def chemistry in vqe.py:  [-1.11022302e-17 -1.11022302e-17 -2.05540360e-17  7.26286370e-01
  2.47787448e-01  0.00000000e+00  0.00000000e+00  0.00000000e+00
 -1.11022302e-17  3.59837560e-01  4.44181269e-02  4.44181269e-02]
E for cur_iter:  -14.380675093906802
params in def chemistry in vqe.py:  [-2.05540360e-17 -2.59735910e-17 -2.05540360e-17  9.03747456e-01
  2.55734327e-01  0.00000000e+00  0.00000000e+00  0.00000000e+00
 -9.45180579e-18  4.33062970e-01  5.15969412e-03  5.15969412e-03]
E for cur_iter:  -14.385565333079668
params in def chemistry in vqe.py:  [-2.59735910e-17 -2.59735910e-17 -1.03068913e-17  9.97417912e-01
  2.57341788e-01  0.00000000e+00  0.00000000e+00  0.00000000e+00
 -2.45858122e-17  3.35676461e-01  1.09416899e-01  1.09416899e-01]
E for cur_iter:  -14.390469960277265
params in def chemistry in vqe.py:  [-1.00000000e-01 -3.23213318e-17 -1.66546321e-17  9.97417912e-01
  2.57341788e-01  0.00000000e+00  0.00000000e+00  0.00000000e+00
 -2.45858122e-17  3.35676461e-01  1.09416899e-01  1.09416899e-01]
E for cur_iter:  -13.942376857375267
params in def chemistry in vqe.py:  [ 1.98567561e-01 -3.13438644e-17 -1.48766635e-17  9.97136920e-01
  2.57605983e-01  0.00000000e+00  0.00000000e+00  0.00000000e+00
 -2.56266463e-17  3.45417180e-01  1.29460242e-01  1.00805416e-01]
E for cur_iter:  -13.689763731465264
params in def chemistry in vqe.py:  [-3.15089499e-17 -1.00000000e-01 -1.85358003e-17  9.97417912e-01
  2.57341788e-01  0.00000000e+00  0.00000000e+00  0.00000000e+00
 -2.45858122e-17  3.35676461e-01  1.09416899e-01  1.09416899e-01]
E for cur_iter:  -14.150719320765132
params in def chemistry in vqe.py:  [-2.59735910e-17  1.95126135e-01 -2.59730107e-17  9.96901841e-01
  2.57827009e-01  0.00000000e+00  0.00000000e+00  0.00000000e+00
 -2.63205357e-17  3.53566308e-01  1.46228592e-01  9.36010110e-02]
E for cur_iter:  -14.060072294747533
params in def chemistry in vqe.py:  [-3.23708061e-17 -3.42025001e-17  1.00000000e-01  9.97417912e-01
  2.57341788e-01  0.00000000e+00  0.00000000e+00  0.00000000e+00
 -2.45858122e-17  3.35676461e-01  1.09416899e-01  1.09416899e-01]
E for cur_iter:  -14.1686425458304
params in def chemistry in vqe.py:  [-2.59735910e-17  4.33772136e-02 -2.82341418e-17  1.00000000e+00
  2.57449655e-01  0.00000000e+00  0.00000000e+00  0.00000000e+00
 -2.62197739e-17  2.21583816e-01  1.94289029e-16  2.23970593e-01]
E for cur_iter:  -14.342248929460265
params in def chemistry in vqe.py:  [-2.67146787e-04 -4.99296407e-04 -1.19920556e-17  9.90281644e-01
  3.57039901e-01  0.00000000e+00  0.00000000e+00  0.00000000e+00
 -2.45858122e-17  3.34398431e-01  1.11819513e-01  1.10694930e-01]
E for cur_iter:  -14.394822060164467
params in def chemistry in vqe.py:  [-1.08420217e-19  4.96564595e-17 -9.99905911e-18  1.00000000e+00
  4.58429959e-01  0.00000000e+00  0.00000000e+00  0.00000000e+00
 -2.79755567e-17  2.81481151e-01  1.38777878e-17  2.30367178e-01]
E for cur_iter:  -14.400994412473132
params in def chemistry in vqe.py:  [-3.76720365e-20  1.09330947e-16 -1.24384686e-17  1.00000000e+00
  2.99943322e-01  0.00000000e+00  0.00000000e+00  0.00000000e+00
 -4.15669977e-17  2.26262238e-01  5.17825102e-17  3.39146117e-01]
E for cur_iter:  -14.393391725942198
params in def chemistry in vqe.py:  [-1.08420217e-19  4.96564595e-17 -9.99905911e-18  1.00000000e+00
  4.58429959e-01  1.00000000e-01  0.00000000e+00  0.00000000e+00
 -2.79755567e-17  2.81481151e-01  1.38777878e-17  2.30367178e-01]
E for cur_iter:  -14.400936539820199
params in def chemistry in vqe.py:  [ 1.38758019e-19  1.82883222e-16 -1.07745667e-17  1.00000000e+00
  4.55124511e-01 -3.88287848e-20  0.00000000e+00  0.00000000e+00
 -2.70736383e-17  1.31245472e-01  6.80422797e-17  9.83887144e-02]
E for cur_iter:  -14.398321255923262
params in def chemistry in vqe.py:  [-1.08420217e-19  4.96564595e-17 -9.99905911e-18  1.00000000e+00
  4.58429959e-01  0.00000000e+00  1.00000000e-01  0.00000000e+00
 -2.79755567e-17  2.81481151e-01  1.38777878e-17  2.30367178e-01]
E for cur_iter:  -14.400994412473132
params in def chemistry in vqe.py:  [ 1.57515008e-19  1.93985453e-16 -7.02963268e-18  1.00000000e+00
  3.64762675e-01  9.93112315e-20  0.00000000e+00  0.00000000e+00
 -2.63282776e-17  4.06479989e-01  6.82367643e-17  1.05460292e-01]
E for cur_iter:  -14.393154750742337
params in def chemistry in vqe.py:  [-1.08420217e-19  4.96564595e-17 -9.99905911e-18  1.00000000e+00
  4.58429959e-01  0.00000000e+00  0.00000000e+00  1.00000000e-01
 -2.79755567e-17  2.81481151e-01  1.38777878e-17  2.30367178e-01]
E for cur_iter:  -14.400994412473132
params in def chemistry in vqe.py:  [-6.54653515e-20  7.74120351e-17 -9.36005066e-18  1.00000000e+00
  6.44753807e-01  8.35843836e-20  0.00000000e+00  0.00000000e+00
 -5.02257488e-17  2.83142198e-01  4.61890548e-02  2.86467407e-01]
E for cur_iter:  -14.417482656640333
params in def chemistry in vqe.py:  [-4.98442020e-17 -5.30009221e-17 -5.18822272e-17  1.00000000e+00
  8.08816542e-01 -5.02257488e-17  0.00000000e+00  0.00000000e+00
 -5.02257488e-17  2.63140733e-01  1.37520732e-01  3.52360389e-01]
E for cur_iter:  -14.439969956673002
params in def chemistry in vqe.py:  [-5.29895728e-17 -5.26803484e-17 -5.09270424e-17  1.00000000e+00
  9.16786744e-01  3.89450666e-02  3.98378817e-02  3.98378817e-02
 -7.19551304e-17  2.09828015e-01  2.69137545e-01  4.11405900e-01]
E for cur_iter:  -14.454965329687067
params in def chemistry in vqe.py:  [-5.29517499e-17 -5.72565765e-17 -5.11855916e-17  1.00000000e+00
  1.00000000e+00  1.25692506e-03  3.99553709e-03  3.99553709e-03
 -6.24846981e-17  1.91658978e-01  4.01451429e-01  5.17465945e-01]
E for cur_iter:  -14.466426254382867
params in def chemistry in vqe.py:  [-6.24359966e-17 -5.84803320e-17 -6.06243048e-17  1.00000000e+00
  1.00000000e+00  3.35146868e-02  3.95339957e-02  3.95339957e-02
 -6.24846981e-17  2.67125162e-01  5.76325127e-01  5.04915351e-01]
E for cur_iter:  -14.4683270278874
params in def chemistry in vqe.py:  [-6.23316496e-17 -6.62823697e-17 -6.19314344e-17  1.00000000e+00
  1.00000000e+00  8.45053436e-02  9.46062184e-02  9.46062184e-02
 -6.24846981e-17  2.10625979e-01  6.56164395e-01  6.52453777e-01]
E for cur_iter:  -14.467480261751401
params in def chemistry in vqe.py:  [-7.95169842e-17 -1.39619184e-16 -9.30226607e-17  1.00000000e+00
  1.00000000e+00  3.35146868e-02  3.95339957e-02  3.95339957e-02
 -1.00000000e-01  2.67125162e-01  5.76325127e-01  5.04915351e-01]
E for cur_iter:  -14.4696369241892
params in def chemistry in vqe.py:  [-5.72817460e-17 -1.87983488e-16 -9.35163844e-17  1.00000000e+00
  1.00000000e+00 -2.08166817e-17  6.93889390e-18 -6.93889390e-18
  5.55111512e-17  4.08029661e-01  6.45996473e-01  5.37206494e-01]
E for cur_iter:  -14.457130902718065
params in def chemistry in vqe.py:  [ 1.44123684e-03 -1.23861520e-15  2.58095964e-03  1.09995630e+00
  1.00000000e+00  3.35146868e-02  3.95339957e-02  3.95339957e-02
 -1.00000000e-01  2.67125162e-01  5.76325127e-01  5.04915351e-01]
